40123227
40123237
40123256
40423101
40423103
40423104
40423105
40423106
40423107
40423108
40423109
40423110
40423111
40423112
40423113
40423114
40423115
40423116
40423117
40423118
40423119
40423120
40423121
40423122
40423123
40423124
40423125
40423126
40423127
40423128
40423129
40423130
40423131
40423132
40423133
40423134
40423135
40423136
40423137
40423138
40423139
40423140
40423141
40423142
40423143
40423144
40423145
40423146
40423147
40423148
40423149
40423150
40423152
40423153
40423154
40423155
